2790 144
2781 147
2649 221
2461 333
2303 436
2094 580
1987 646
1687 628
1351 621
1175 612
1024 558
381 295
370 318
363 348
360 377
360 423
364 470
373 530
395 627
479 707
586 801
718 909
831 996
871 959
888 947
892 948
891 953
873 978
852 1017
816 1105
751 1297
698 1482
666 1618
631 1796
584 2059
542 2319
2475 2319
2464 2251
2435 2138
2431 2110
2430 2077
2434 2055
2448 2019
2482 1958
2511 1897
2529 1847
2539 1810
2548 1762
2554 1700
2554 1652
2549 1588
2539 1522
2525 1456
2520 1445
2480 1293
2443 1114
2425 1042
2410 994
2392 955
2373 928
2343 901
2312 883
2314 879
2323 880
2355 890
2372 899
2402 920
2498 824
2587 725
2674 616
2753 502
2761 480
2789 372
2800 319
2807 269
2807 199
2801 170

2790 145
2801 170
2808 209
2808 257
2804 294
2789 372
2756 496
2740 521
2665 627
2587 724
2498 823
2401 920
2388 909
2362 893
2335 883
2309 879
2309 883
2311 878
2313 880
2312 884
2350 907
2373 929
2392 956
2410 994
2425 1042
2443 1114
2480 1293
2520 1445
2525 1456
2539 1522
2549 1588
2554 1652
2554 1700
2548 1762
2539 1810
2529 1847
2511 1897
2482 1957
2451 2012
2434 2055
2430 2077
2431 2110
2435 2138
2464 2251
2475 2319
542 2318
584 2059
631 1796
666 1618
698 1482
751 1297
816 1105
852 1017
873 979
891 954
892 947
887 947
860 967
832 996
719 909
587 801
480 707
394 625
373 530
364 470
360 423
360 377
364 342
373 310
382 295
1024 558
1175 612
1351 621
1687 628
1987 646
2002 639
2095 580
2304 436
2470 328
2643 225
2782 147

1865 1634
1842 1622
1800 1611
1753 1606
1701 1606
1659 1610
1627 1616
1594 1626
1569 1638
1553 1650
1540 1667
1527 1696
1515 1740
1513 1756
1514 1793
1522 1824
1531 1843
1554 1870
1573 1883
1615 1900
1650 1907
1693 1909
1734 1904
1768 1894
1804 1876
1826 1859
1852 1831
1872 1798
1884 1766
1890 1733
1889 1690
1880 1655
1874 1643

1864 1634
1874 1644
1880 1655
1889 1690
1890 1733
1884 1766
1876 1789
1852 1830
1825 1859
1803 1876
1773 1892
1734 1904
1693 1909
1650 1907
1615 1900
1583 1888
1555 1870
1541 1856
1531 1842
1522 1824
1514 1793
1513 1756
1515 1740
1527 1696
1540 1668
1551 1653
1570 1638
1594 1626
1627 1616
1659 1610
1701 1606
1753 1606
1800 1611
1842 1622

1851 1660
1833 1649
1800 1640
1761 1635
1713 1634
1672 1637
1641 1642
1606 1652
1586 1661
1577 1667
1566 1679
1554 1705
1543 1745
1541 1764
1542 1788
1545 1803
1554 1826
1571 1847
1592 1861
1621 1872
1648 1878
1665 1880
1711 1879
1741 1873
1775 1860
1801 1843
1819 1826
1838 1801
1851 1775
1859 1748
1862 1726
1860 1689

1851 1661
1859 1684
1862 1706
1861 1736
1851 1775
1838 1800
1819 1825
1800 1843
1774 1860
1741 1873
1701 1880
1648 1878
1621 1872
1593 1861
1572 1847
1554 1825
1545 1803
1542 1788
1541 1764
1545 1735
1554 1705
1566 1680
1578 1667
1596 1656
1621 1647
1658 1639
1693 1635
1741 1634
1781 1637
1810 1642
1833 1649

1734 1637
1754 1640
1784 1649
1804 1659
1825 1676
1839 1698
1847 1723
1850 1746
1848 1775
1850 1746
1847 1723
1839 1698
1825 1675
1805 1659
1784 1649
1754 1640

956 1440
925 1451
891 1472
865 1499
847 1529
836 1560
831 1589
832 1636
843 1681
852 1701
870 1727
897 1751
928 1767
950 1774
981 1779
1034 1778
1075 1768
1101 1756
1117 1745
1134 1729
1151 1706
1164 1678
1174 1635
1175 1591
1171 1565
1163 1539
1151 1514
1128 1484
1107 1466
1083 1452
1057 1442
1018 1435
988 1435

956 1440
988 1435
1018 1435
1045 1439
1074 1448
1106 1466
1128 1485
1151 1515
1163 1539
1171 1565
1175 1591
1174 1635
1164 1678
1151 1705
1135 1727
1112 1748
1075 1768
1034 1778
981 1779
950 1774
928 1767
898 1751
870 1726
858 1710
843 1681
832 1636
831 1589
836 1560
844 1536
862 1504
892 1472
925 1451

2374 1427
2408 1421
2452 1422
2489 1431
2518 1446
2506 1438
2473 1426
2443 1421
2408 1421
2382 1425
2359 1432
2335 1443
2312 1459
2292 1479
2276 1502
2264 1528
2257 1552
2253 1580
2253 1607
2257 1638
2265 1666
2275 1688
2290 1710
2314 1733
2331 1744
2351 1753
2378 1761
2405 1765
2455 1764
2497 1754
2531 1737
2550 1720
2530 1737
2507 1750
2485 1758
2462 1763
2405 1765
2378 1761
2351 1753
2315 1733
2290 1709
2275 1687
2265 1666
2255 1627
2253 1580
2257 1552
2268 1518
2288 1485
2313 1459
2347 1437

1707 1391
1705 1409
1709 1418
1724 1431
1741 1437
1764 1439
1795 1433
1808 1422
1812 1412
1812 1394
1809 1385
1796 1373
1784 1369
1749 1367
1735 1370
1717 1379

1706 1394
1718 1379
1735 1370
1749 1367
1779 1368
1795 1373
1807 1383
1812 1394
1812 1412
1808 1421
1792 1434
1776 1438
1746 1438
1731 1434
1713 1422
1705 1409

2036 1100
2012 1116
1998 1131
1986 1151
1976 1180
1973 1199
1974 1245
1978 1265
1991 1296
2002 1311
2023 1329
2043 1339
2073 1347
2115 1349
2140 1346
2159 1341
2186 1328
2208 1308
2217 1295
2225 1278
2233 1248
2235 1229
2233 1189
2226 1162
2215 1139
2207 1128
2188 1110
2171 1100
2142 1090
2123 1087
2085 1087
2058 1092

2041 1098
2058 1092
2085 1087
2123 1087
2142 1090
2164 1097
2187 1110
2207 1129
2215 1140
2226 1162
2232 1183
2235 1207
2233 1248
2225 1278
2217 1294
2208 1307
2185 1328
2169 1337
2140 1346
2115 1349
2073 1347
2043 1339
2024 1329
2002 1310
1991 1295
1978 1265
1973 1237
1973 1199
1977 1176
1990 1144
2002 1127
2022 1109

2133 1124
2110 1134
2095 1151
2088 1173
2089 1191
2097 1210
2109 1223
2130 1233
2153 1234
2174 1226
2188 1213
2197 1195
2199 1172
2191 1149
2177 1134
2154 1124

2133 1124
2154 1124
2176 1134
2191 1150
2199 1172
2197 1195
2188 1212
2173 1226
2153 1234
2130 1233
2110 1223
2097 1209
2089 1191
2088 1173
2095 1152
2111 1134

1193 1096
1176 1104
1152 1123
1134 1149
1126 1170
1120 1202
1120 1234
1125 1264
1136 1292
1152 1314
1166 1326
1183 1336
1210 1345
1240 1349
1274 1348
1300 1343
1325 1333
1348 1316
1359 1303
1369 1286
1378 1260
1382 1234
1381 1193
1376 1170
1364 1142
1350 1123
1335 1110
1316 1099
1297 1092
1270 1087
1232 1087

1186 1099
1205 1092
1232 1087
1270 1087
1289 1090
1309 1096
1325 1104
1345 1119
1361 1138
1373 1161
1380 1187
1382 1203
1380 1250
1372 1279
1365 1293
1349 1314
1329 1330
1309 1340
1282 1347
1262 1349
1220 1347
1193 1340
1173 1330
1156 1317
1139 1296
1130 1279
1121 1243
1120 1202
1124 1177
1131 1156
1146 1131
1164 1113

1281 1124
1262 1131
1247 1144
1237 1164
1236 1189
1243 1208
1259 1225
1277 1233
1300 1234
1318 1228
1336 1212
1341 1204
1346 1188
1346 1170
1337 1147
1323 1133
1301 1124

1281 1124
1301 1124
1322 1133
1337 1148
1346 1170
1346 1188
1343 1199
1336 1211
1317 1228
1300 1234
1277 1233
1260 1225
1245 1210
1236 1189
1237 1164
1247 1145
1263 1131

3022 11
3022 2353

9 10
3020 9
9 10
2983 12
2981 16
2917 40
2834 76
2755 115
2631 183
2491 265
2386 332
2247 427
2124 516
2013 604
1984 624
1940 621
1754 597
1620 588
1405 584
1308 586
1244 590
1179 590
1133 572
999 511
630 355
296 220
189 183
94 155
43 144
26 144
16 148
9 158
9 174
14 192
46 260
68 299
105 357
147 415
202 483
245 532
315 607
369 661
493 775
655 909
808 1023
808 1029
763 1150
721 1276
685 1396
657 1501
618 1679
585 1850
501 2351
585 1850
618 1679
657 1501
685 1396
721 1276
763 1150
808 1029
808 1022
738 972
657 910
495 776
371 662
314 605
244 530
201 481
146 413
104 355
67 297
25 218
12 186
9 174
9 158
18 147
26 144
43 144
94 155
189 183
296 220
630 355
999 511
1133 572
1179 590
1244 590
1308 586
1405 584
1620 588
1754 597
1940 621
1985 624
2015 603
2126 515
2279 405
2434 301
2548 231
2705 142
2823 81
2917 40
2981 16
2984 11
3020 12
3020 49
3015 52
2987 134
2949 226
2885 356
2796 509
2716 626
2629 736
2544 830
2429 943
2429 948
2455 1017
2469 1066
2516 1284
2558 1440
2578 1538
2588 1629
2589 1690
2584 1756
2575 1808
2562 1857
2543 1909
2519 1960
2491 2008
2457 2058
2452 2068
2449 2082
2449 2099
2453 2126
2496 2257
2510 2320
2513 2353
10 2353
10 2355
3020 2355
10 2355
10 2353
3020 2353
3020 11

3019 50
3020 2352
2515 2353
2507 2304
2493 2246
2453 2126
2450 2110
2449 2082
2456 2060
2490 2010
2518 1962
2543 1909
2562 1857
2575 1808
2584 1756
2589 1690
2588 1629
2578 1538
2558 1440
2516 1284
2469 1066
2455 1017
2429 948
2429 943
2505 871
2616 752
2694 656
2769 551
2838 440
2884 358
2921 286
2972 172
2997 107
3015 52

