103 572

662 568

96 568

660 572
662 572

98 570
101 570

657 569
659 569

653 566
655 566

109 566
111 566

652 565
654 565

649 563
651 563

107 563
110 563

104 563
106 563

653 561
655 562

107 78
110 80
110 559
106 563
105 79

110 79
112 77
654 78
655 559
653 561
650 560
653 563
112 564
109 561

648 561

551 456

192 176

551 168

549 168

192 170
194 175
192 179
192 453
194 456
192 458
194 460
192 461
196 462
194 463
200 461
551 462
549 457
546 458
547 175
545 172
550 175
549 170
545 168
547 170
545 172
544 170
200 171
197 168
198 171
194 168

548 462
550 462

196 462
199 462

544 461
547 462
545 463

549 458
548 462
546 460

545 459
547 459

194 459
196 458
197 460

195 457
198 457

197 456
199 456

198 453
195 457
194 455

193 454
195 454

206 452
207 454
205 455

194 453
197 453

193 452
195 452

199 453
203 452
201 451
202 449
206 452
202 455

197 449
199 449

198 181
198 453
193 450
193 184

193 182
195 180
197 182

195 180
199 180
197 182

193 179
196 179

540 178
543 179
541 180

538 178
540 178

199 179
202 180
202 178
206 177
207 181
208 177
537 177
540 180
540 453
537 455
208 455
207 451
201 448
200 451

537 451
536 453

537 448

205 448

536 183

207 183

204 182
202 183

538 181

536 181

197 178
200 178

195 178
197 178

194 177
196 177

194 175
196 175

195 172
198 174
197 178

198 173
200 171
543 171
546 174
544 175
546 176
546 458
543 461
200 461
199 459
198 461
197 458
200 455
543 454
540 452
542 450
540 449
540 181
543 181
543 177
199 177

543 452

543 448

196 172
199 172

192 172
194 173

546 171
549 170
551 173
549 174

192 170
194 168
196 170

107 78
111 78

104 78
106 78

98 78
100 78

656 78
657 76
660 77

654 77
656 78

102 77
105 77
104 563
110 565
107 567
110 567
111 564
651 564
654 567
655 79
659 78
660 568
656 568
656 570
101 569
100 80

648 566

105 566

108 76
110 76

104 76
106 76

660 77
661 74
663 76

655 75
657 76

97 75
99 74
100 76

649 74
651 74

648 73
650 73

657 71
660 73
658 76
656 74

649 72
655 71
656 74
654 73
653 75
655 76
651 77

109 75
112 71
648 71
650 76
111 77

109 72
111 72

105 72
108 71
110 74
107 77

104 71
102 74
106 74
101 79
100 73

96 71
98 70
100 73
98 74

662 65
662 69
660 67

659 66
661 66

660 65
662 65

656 64

102 64
100 69
103 68
100 67
103 66

99 68
101 68

96 67
99 65
96 64

97 65
99 65

